1 1
1 2
1 10
1 20
1 15
1 100
1 1000
1 10000
1 100000
1 999999
10 10
10 100
10 1000
10 10000
100 100
100 10000
1000 5000
3424 9494
2345 987
0392 483
9999 999999
09293 10302
999999 1
999999 900000
999999 100000
999999 30203
999999 123409
999999 999999
8 5
13 47
698697 923129
7791 3060
31185 19653
44159 20545
82 93
415 520
2 1
43 13
93896 87985
3335 1632
303136 397368
2773 285
4 8
3813 1738
66613 49939
85 89
51307 76902
932 996
59297 60495
3 1
500 679
857 923
51 54
40 88
397223 244134
59 52
2 7
541612 450100
90958 658503
2652 834
137172 76112
3 8
8 7
74505 73545
25655 96433
1372 3424
868021 308343
9339 59177
72 67
83 53
3979 2878
3287 4767
7 9
609 773
3 6
5 1
23 34
695692 455138
242556 109978
474 486
493 415
50 184
123206 734958
166 985
7999 771
4 6
966746 264219
563 66
424406 478905
74195 21053
91263 85271
1923 9878
2 3
924 825
987 712
25 6
6942 8062
7 8
5571 324
511873 721912
9999 9943
2 7
39484 55042
753 640
46 11
3305 999
2919 77252
493832 181896
365 871
3618 3714
925 840
364345 489298
3 2